{"parameter": {"phi": {"partition_id": "identical_time_series", "group": {"all": {"min": 0.10000000000000001, "transformation": "log", "guess": 0.10000000000000001, "max": 0.10000000000000001, "sd_transf": 0, "distribution": "uniform"}}}, "S": {"partition_id": "variable_population", "transformation": "logit", "group": {"Eyam__all": {"sd_transf": 0.02, "max": 1, "guess": 0.99256094037370601, "transformation": "logit", "min": 0.96999999999999997, "distribution": "uniform"}, "London__all": {"sd_transf": 0.02, "max": 1, "guess": 0.99661941867025117, "transformation": "logit", "min": 0.97999999999999998, "distribution": "uniform"}}}, "rep": {"partition_id": "variable_time_series", "group": {"London__Creighton__inc": {"min": 0, "transformation": "logit", "guess": 0.89999999999999991, "max": 1, "sd_transf": 0, "distribution": "uniform"}, "Eyam__Kendall__inc": {"min": 0, "transformation": "logit", "guess": 0.89999999999999991, "max": 1, "sd_transf": 0, "distribution": "uniform"}}}, "r0": {"partition_id": "variable_population", "group": {"Eyam__all": {"min": 0, "transformation": "log", "guess": 1.0653697416808883, "max": 15, "sd_transf": 0.02, "distribution": "uniform"}, "London__all": {"min": 0, "transformation": "log", "guess": 0.87843791226839107, "max": 15, "sd_transf": 0.02, "distribution": "uniform"}}}, "e": {"partition_id": "identical_population", "group": {"all": {"min": 0, "transformation": "log", "guess": 0.38593881491391946, "max": 0.59999999999999998, "sd_transf": 0.02, "distribution": "uniform"}}}, "d": {"partition_id": "identical_population", "group": {"all": {"min": -1, "transformation": "logit_ab", "guess": 0.25909541000007869, "max": 1, "sd_transf": 0.02, "distribution": "uniform"}}}, "sto": {"partition_id": "variable_population", "group": {"Eyam__all": {"min": 0.10000000000000001, "transformation": "log", "guess": 0.10000000000000001, "max": 0.10000000000000001, "sd_transf": 0, "distribution": "uniform"}, "London__all": {"min": 0.10000000000000001, "transformation": "log", "guess": 0.10000000000000001, "max": 0.10000000000000001, "sd_transf": 0, "distribution": "uniform"}}}, "mu_d": {"partition_id": "identical_population", "group": {"all": {"min": 1, "transformation": "log", "guess": 5.7267860352111555, "max": 7, "sd_transf": 0.02, "type": "rate_as_duration", "distribution": "uniform", "unit": "D"}}}}, "description": "my comment", "partition": {"variable_population": {"group": [{"id": "London__all", "population_id": ["London__all"]}, {"id": "Eyam__all", "population_id": ["Eyam__all"]}]}, "variable_time_series": {"group": [{"id": "London__Creighton__inc", "time_series_id": ["London__Creighton__inc"]}, {"id": "Eyam__Kendall__inc", "time_series_id": ["Eyam__Kendall__inc"]}]}, "identical_population": {"group": [{"id": "all", "population_id": ["London__all", "Eyam__all"]}]}, "identical_time_series": {"group": [{"id": "all", "time_series_id": ["London__Creighton__inc", "Eyam__Kendall__inc"]}]}}, "name": "my_name", "type": "theta", "covariance": [["S:London__all", "S:Eyam__all", "r0:London__all", "r0:Eyam__all", "e:all", "d:all", "mu_d:all", "sto:London__all", "sto:Eyam__all", "rep:London__Creighton__inc", "rep:Eyam__Kendall__inc", "phi:all"], [0.00010662304599473539, 2.4147334641371892e-5, -2.8378615316896392e-5, -5.4337508829893142e-5, -3.996687604975956e-5, 2.3480930844929988e-5, -5.2960589074940643e-5, 0.0, 0.0, 0.0, 0.0, 0.0], [2.4147334641371892e-5, 1.0844733938597253e-5, 6.7519104528857905e-6, -6.3008530035738504e-6, -1.1485478741581032e-5, 2.8816141507739119e-6, -1.1874753913586606e-5, 0.0, 0.0, 0.0, 0.0, 0.0], [-2.8378615316896392e-5, 6.7519104528857905e-6, 5.2718399828802702e-5, 3.2083964196477262e-5, -5.4343815223426923e-6, -1.1827594402830162e-5, 1.142688308140521e-5, 0.0, 0.0, 0.0, 0.0, 0.0], [-5.4337508829893142e-5, -6.3008530035738504e-6, 3.2083964196477262e-5, 5.8974563919045054e-5, 5.1728709483617527e-6, -1.7410879473089465e-5, 6.5828477214513768e-6, 0.0, 0.0, 0.0, 0.0, 0.0], [-3.996687604975956e-5, -1.1485478741581032e-5, -5.4343815223426923e-6, 5.1728709483617527e-6, 3.9580102396366645e-5, -1.011548955141389e-5, 3.8637206593788276e-5, 0.0, 0.0, 0.0, 0.0, 0.0], [2.3480930844929988e-5, 2.8816141507739119e-6, -1.1827594402830162e-5, -1.7410879473089465e-5, -1.011548955141389e-5, 1.0094686576217314e-5, -1.1033863129048463e-5, 0.0, 0.0, 0.0, 0.0, 0.0], [-5.2960589074940643e-5, -1.1874753913586606e-5, 1.142688308140521e-5, 6.5828477214513768e-6, 3.8637206593788276e-5, -1.1033863129048463e-5, 5.1532905497209021e-5, 0.0, 0.0, 0.0, 0.0, 0.0], [0.0, 0.0, 0.0, 0.0, 0.0, 0.0, 0.0, 0.0, 0.0, 0.0, 0.0, 0.0], [0.0, 0.0, 0.0, 0.0, 0.0, 0.0, 0.0, 0.0, 0.0, 0.0, 0.0, 0.0], [0.0, 0.0, 0.0, 0.0, 0.0, 0.0, 0.0, 0.0, 0.0, 0.0, 0.0, 0.0], [0.0, 0.0, 0.0, 0.0, 0.0, 0.0, 0.0, 0.0, 0.0, 0.0, 0.0, 0.0], [0.0, 0.0, 0.0, 0.0, 0.0, 0.0, 0.0, 0.0, 0.0, 0.0, 0.0, 0.0]]}