{"name":"my_name","description":"my comment","parameter":{"S":{"partition_id":"variable_population","group":{"London__all":{"transformation":"logit","min":0.98,"max":1,"guess":0.997819,"sd_transf":0.02,"distribution":"uniform"},"Eyam__all":{"transformation":"logit","min":0.97,"max":1,"guess":0.999983,"sd_transf":0.02,"distribution":"uniform"}},"transformation":"logit"},"e":{"partition_id":"identical_population","group":{"all":{"min":0,"guess":0.52346,"max":0.6,"sd_transf":0.02,"distribution":"uniform","transformation":"log"}}},"d":{"partition_id":"identical_population","group":{"all":{"min":-1,"guess":0.278382,"max":1,"sd_transf":0.02,"distribution":"uniform","transformation":"logit_ab"}}},"r0":{"partition_id":"variable_population","group":{"London__all":{"min":0,"guess":0.923437,"max":15,"sd_transf":0.02,"distribution":"uniform","transformation":"log"},"Eyam__all":{"min":0,"guess":1.35272,"max":15,"sd_transf":0.02,"distribution":"uniform","transformation":"log"}}},"mu_d":{"partition_id":"identical_population","group":{"all":{"min":1,"guess":8.02251,"max":10,"sd_transf":0.02,"distribution":"uniform","unit":"D","transformation":"log","type":"rate_as_duration"}}},"sto":{"partition_id":"variable_population","group":{"London__all":{"min":0.1,"guess":0.1,"max":0.1,"sd_transf":0,"distribution":"uniform","transformation":"log"},"Eyam__all":{"min":0.1,"guess":0.1,"max":0.1,"sd_transf":0,"distribution":"uniform","transformation":"log"}}},"rep":{"partition_id":"variable_time_series","group":{"London__Creighton__inc":{"min":1,"guess":1,"max":1,"sd_transf":0,"distribution":"uniform","transformation":"logit"},"Eyam__Kendall__inc":{"min":1,"guess":1,"max":1,"sd_transf":0,"distribution":"uniform","transformation":"logit"}}},"phi":{"partition_id":"identical_time_series","group":{"all":{"min":0.1,"guess":0.1,"max":0.1,"sd_transf":0,"distribution":"uniform","transformation":"log"}}}},"type":"theta","partition":{"variable_population":{"group":[{"id":"London__all","population_id":["London__all"]},{"id":"Eyam__all","population_id":["Eyam__all"]}]},"variable_time_series":{"group":[{"id":"London__Creighton__inc","time_series_id":["London__Creighton__inc"]},{"id":"Eyam__Kendall__inc","time_series_id":["Eyam__Kendall__inc"]}]},"identical_population":{"group":[{"id":"all","population_id":["London__all","Eyam__all"]}]},"identical_time_series":{"group":[{"id":"all","time_series_id":["London__Creighton__inc","Eyam__Kendall__inc"]}]}},"covariance":[["S:London__all","S:Eyam__all","r0:London__all","r0:Eyam__all","e:all","d:all","mu_d:all","sto:London__all","sto:Eyam__all","rep:London__Creighton__inc","rep:Eyam__Kendall__inc","phi:all"],[0.0821467,-0.0943309,0.00431425,-0.00695914,-0.136442,0.00209551,-0.144223,0,0,0,0,0],[-0.0943309,2.96744,-0.00487925,0.0674792,0.547397,-0.00438883,0.394118,0,0,0,0,0],[0.00431425,-0.00487925,0.00264738,0.00200308,0.0145088,0.00199443,0.0111078,0,0,0,0,0],[-0.00695914,0.0674792,0.00200308,0.00757819,0.0711624,0.00152268,0.0551051,0,0,0,0,0],[-0.136442,0.547397,0.0145088,0.0711624,1.16022,0.0101259,0.844438,0,0,0,0,0],[0.00209551,-0.00438883,0.00199443,0.00152268,0.0101259,0.00171309,0.00920562,0,0,0,0,0],[-0.144223,0.394118,0.0111078,0.0551051,0.844438,0.00920562,0.709983,0,0,0,0,0],[0,0,0,0,0,0,0,0,0,0,0,0],[0,0,0,0,0,0,0,0,0,0,0,0],[0,0,0,0,0,0,0,0,0,0,0,0],[0,0,0,0,0,0,0,0,0,0,0,0],[0,0,0,0,0,0,0,0,0,0,0,0]]}
