{"name":"my_name","description":"my comment","parameter":{"S":{"partition_id":"variable_population","group":{"London__all":{"transformation":"logit","min":0.98,"max":1,"guess":0.998329,"sd_transf":0.02,"distribution":"uniform"},"Eyam__all":{"transformation":"logit","min":0.97,"max":1,"guess":0.990956,"sd_transf":0.02,"distribution":"uniform"}},"transformation":"logit"},"e":{"partition_id":"identical_population","group":{"all":{"min":0,"guess":0.576883,"max":0.6,"sd_transf":0.02,"distribution":"uniform","transformation":"log"}}},"d":{"partition_id":"identical_population","group":{"all":{"min":-1,"guess":0.299374,"max":1,"sd_transf":0.02,"distribution":"uniform","transformation":"logit_ab"}}},"r0":{"partition_id":"variable_population","group":{"London__all":{"min":0,"guess":0.981615,"max":15,"sd_transf":0.02,"distribution":"uniform","transformation":"log"},"Eyam__all":{"min":0,"guess":1.32924,"max":15,"sd_transf":0.02,"distribution":"uniform","transformation":"log"}}},"mu_d":{"partition_id":"identical_population","group":{"all":{"min":1,"guess":9.73855,"max":10,"sd_transf":0.02,"distribution":"uniform","unit":"D","transformation":"log","type":"rate_as_duration"}}},"sto":{"partition_id":"variable_population","group":{"London__all":{"min":0.1,"guess":0.1,"max":0.1,"sd_transf":0,"distribution":"uniform","transformation":"log"},"Eyam__all":{"min":0.1,"guess":0.1,"max":0.1,"sd_transf":0,"distribution":"uniform","transformation":"log"}}},"rep":{"partition_id":"variable_time_series","group":{"London__Creighton__inc":{"min":1,"guess":1,"max":1,"sd_transf":0,"distribution":"uniform","transformation":"logit"},"Eyam__Kendall__inc":{"min":1,"guess":1,"max":1,"sd_transf":0,"distribution":"uniform","transformation":"logit"}}},"phi":{"partition_id":"identical_time_series","group":{"all":{"min":0.1,"guess":0.1,"max":0.1,"sd_transf":0,"distribution":"uniform","transformation":"log"}}}},"type":"theta","partition":{"variable_population":{"group":[{"id":"London__all","population_id":["London__all"]},{"id":"Eyam__all","population_id":["Eyam__all"]}]},"variable_time_series":{"group":[{"id":"London__Creighton__inc","time_series_id":["London__Creighton__inc"]},{"id":"Eyam__Kendall__inc","time_series_id":["Eyam__Kendall__inc"]}]},"identical_population":{"group":[{"id":"all","population_id":["London__all","Eyam__all"]}]},"identical_time_series":{"group":[{"id":"all","time_series_id":["London__Creighton__inc","Eyam__Kendall__inc"]}]}},"covariance":[["S:London__all","S:Eyam__all","r0:London__all","r0:Eyam__all","e:all","d:all","mu_d:all","sto:London__all","sto:Eyam__all","rep:London__Creighton__inc","rep:Eyam__Kendall__inc","phi:all"],[0.0103047,-0.0162543,-0.000608845,-0.00349086,-0.0175256,-0.000650197,-0.0506785,0,0,0,0,0],[-0.0162543,0.321661,0.00675901,0.0239346,-0.000645961,0.0065537,0.19208,0,0,0,0,0],[-0.000608845,0.00675901,0.000811578,0.00174033,0.00433543,0.000576895,0.018244,0,0,0,0,0],[-0.00349086,0.0239346,0.00174033,0.00535986,0.0147138,0.00134107,0.0537177,0,0,0,0,0],[-0.0175256,-0.000645961,0.00433543,0.0147138,0.186423,0.00363507,0.258533,0,0,0,0,0],[-0.000650197,0.0065537,0.000576895,0.00134107,0.00363507,0.000467039,0.0140754,0,0,0,0,0],[-0.0506785,0.19208,0.018244,0.0537177,0.258533,0.0140754,0.705334,0,0,0,0,0],[0,0,0,0,0,0,0,0,0,0,0,0],[0,0,0,0,0,0,0,0,0,0,0,0],[0,0,0,0,0,0,0,0,0,0,0,0],[0,0,0,0,0,0,0,0,0,0,0,0],[0,0,0,0,0,0,0,0,0,0,0,0]]}
