{"name":"my_name","description":"my comment","parameter":{"S":{"partition_id":"variable_population","group":{"London__all":{"transformation":"logit","min":0.98,"max":1,"guess":0.990745,"sd_transf":0.02,"distribution":"uniform"},"Eyam__all":{"transformation":"logit","min":0.97,"max":1,"guess":0.989414,"sd_transf":0.02,"distribution":"uniform"}},"transformation":"logit"},"e":{"partition_id":"identical_population","group":{"all":{"min":0,"guess":0.412185,"max":1,"sd_transf":0.02,"distribution":"uniform","transformation":"log"}}},"d":{"partition_id":"identical_population","group":{"all":{"min":-1,"guess":0.156239,"max":1,"sd_transf":0.02,"distribution":"uniform","transformation":"logit_ab"}}},"r0":{"partition_id":"variable_population","group":{"London__all":{"min":0,"guess":0.903427,"max":15,"sd_transf":0.02,"distribution":"uniform","transformation":"log"},"Eyam__all":{"min":0,"guess":0.882575,"max":15,"sd_transf":0.02,"distribution":"uniform","transformation":"log"}}},"mu_d":{"partition_id":"identical_population","group":{"all":{"min":1,"guess":6.31997,"max":7,"sd_transf":0.02,"distribution":"uniform","unit":"D","transformation":"log","type":"rate_as_duration"}}},"sto":{"partition_id":"variable_population","group":{"London__all":{"min":0,"guess":0,"max":0,"sd_transf":0,"distribution":"uniform","transformation":"log"},"Eyam__all":{"min":0,"guess":0,"max":0,"sd_transf":0,"distribution":"uniform","transformation":"log"}}},"rep":{"partition_id":"variable_time_series","group":{"London__Creighton__inc":{"transformation":"logit","min":0,"max":1,"guess":0.144141,"sd_transf":0.02,"distribution":"uniform"},"Eyam__Kendall__inc":{"transformation":"logit","min":0,"max":1,"guess":0.9,"sd_transf":0,"distribution":"uniform"}},"transformation":"log"},"phi":{"partition_id":"identical_time_series","group":{"all":{"min":0.1,"guess":0.1,"max":0.1,"sd_transf":0,"distribution":"uniform","transformation":"log"}}}},"type":"theta","partition":{"variable_population":{"group":[{"id":"London__all","population_id":["London__all"]},{"id":"Eyam__all","population_id":["Eyam__all"]}]},"variable_time_series":{"group":[{"id":"London__Creighton__inc","time_series_id":["London__Creighton__inc"]},{"id":"Eyam__Kendall__inc","time_series_id":["Eyam__Kendall__inc"]}]},"identical_population":{"group":[{"id":"all","population_id":["London__all","Eyam__all"]}]},"identical_time_series":{"group":[{"id":"all","time_series_id":["London__Creighton__inc","Eyam__Kendall__inc"]}]}},"covariance":[["S:London__all","S:Eyam__all","r0:London__all","r0:Eyam__all","e:all","d:all","mu_d:all","sto:London__all","sto:Eyam__all","rep:London__Creighton__inc","rep:Eyam__Kendall__inc","phi:all"],[0.404712,-0.0539715,0.0154131,0.025767,-0.00476903,0.0368455,0.139735,0,0,0.389624,0,0],[-0.0539715,0.448194,0.00410798,0.00892317,-0.0104057,0.00451262,-0.0134924,0,0,-0.0830061,0,0],[0.0154131,0.00410798,0.00433168,0.00359722,-0.0072774,0.00381867,-0.00161454,0,0,0.000235241,0,0],[0.025767,0.00892317,0.00359722,0.012591,-0.0032191,0.00479258,0.0119448,0,0,0.0161642,0,0],[-0.00476903,-0.0104057,-0.0072774,-0.0032191,0.0267408,-0.00411105,0.0513833,0,0,0.00942382,0,0],[0.0368455,0.00451262,0.00381867,0.00479258,-0.00411105,0.00579119,0.0204364,0,0,0.0268052,0,0],[0.139735,-0.0134924,-0.00161454,0.0119448,0.0513833,0.0204364,0.992629,0,0,0.235437,0,0],[0,0,0,0,0,0,0,0,0,0,0,0],[0,0,0,0,0,0,0,0,0,0,0,0],[0.389624,-0.0830061,0.000235241,0.0161642,0.00942382,0.0268052,0.235437,0,0,0.508558,0,0],[0,0,0,0,0,0,0,0,0,0,0,0],[0,0,0,0,0,0,0,0,0,0,0,0]]}
