{"name":"my_name","description":"my comment","parameter":{"S":{"partition_id":"variable_population","group":{"London__all":{"transformation":"logit","min":0.98,"max":1,"guess":0.998551,"sd_transf":0.02,"distribution":"uniform"},"Eyam__all":{"transformation":"logit","min":0.97,"max":1,"guess":0.995918,"sd_transf":0.02,"distribution":"uniform"}},"transformation":"logit"},"e":{"partition_id":"identical_population","group":{"all":{"min":0,"guess":0.565051,"max":0.6,"sd_transf":0.02,"distribution":"uniform","transformation":"log"}}},"d":{"partition_id":"identical_population","group":{"all":{"min":-1,"guess":0.262973,"max":1,"sd_transf":0.02,"distribution":"uniform","transformation":"logit_ab"}}},"r0":{"partition_id":"variable_population","group":{"London__all":{"min":0,"guess":0.89407,"max":15,"sd_transf":0.02,"distribution":"uniform","transformation":"log"},"Eyam__all":{"min":0,"guess":1.07726,"max":15,"sd_transf":0.02,"distribution":"uniform","transformation":"log"}}},"mu_d":{"partition_id":"identical_population","group":{"all":{"min":1,"guess":8.62675,"max":10,"sd_transf":0.02,"distribution":"uniform","unit":"D","transformation":"log","type":"rate_as_duration"}}},"sto":{"partition_id":"variable_population","group":{"London__all":{"min":0.1,"guess":0.1,"max":0.1,"sd_transf":0,"distribution":"uniform","transformation":"log"},"Eyam__all":{"min":0.1,"guess":0.1,"max":0.1,"sd_transf":0,"distribution":"uniform","transformation":"log"}}},"rep":{"partition_id":"variable_time_series","group":{"London__Creighton__inc":{"min":1,"guess":1,"max":1,"sd_transf":0,"distribution":"uniform","transformation":"logit"},"Eyam__Kendall__inc":{"min":1,"guess":1,"max":1,"sd_transf":0,"distribution":"uniform","transformation":"logit"}}},"phi":{"partition_id":"identical_time_series","group":{"all":{"min":0.1,"guess":0.1,"max":0.1,"sd_transf":0,"distribution":"uniform","transformation":"log"}}}},"type":"theta","partition":{"variable_population":{"group":[{"id":"London__all","population_id":["London__all"]},{"id":"Eyam__all","population_id":["Eyam__all"]}]},"variable_time_series":{"group":[{"id":"London__Creighton__inc","time_series_id":["London__Creighton__inc"]},{"id":"Eyam__Kendall__inc","time_series_id":["Eyam__Kendall__inc"]}]},"identical_population":{"group":[{"id":"all","population_id":["London__all","Eyam__all"]}]},"identical_time_series":{"group":[{"id":"all","time_series_id":["London__Creighton__inc","Eyam__Kendall__inc"]}]}},"covariance":[["S:London__all","S:Eyam__all","r0:London__all","r0:Eyam__all","e:all","d:all","mu_d:all","sto:London__all","sto:Eyam__all","rep:London__Creighton__inc","rep:Eyam__Kendall__inc","phi:all"],[0.0656084,-0.00598008,0.0100113,0.00814713,0.0970558,0.00558865,-0.0934256,0,0,0,0,0],[-0.00598008,0.338492,0.000404316,0.000766896,0.025637,-0.0000924346,0.0105695,0,0,0,0,0],[0.0100113,0.000404316,0.00361869,0.00305819,0.0146927,0.00238707,0.00605558,0,0,0,0,0],[0.00814713,0.000766896,0.00305819,0.0117663,0.0164019,0.00203982,0.0209448,0,0,0,0,0],[0.0970558,0.025637,0.0146927,0.0164019,2.07246,0.00700269,0.369924,0,0,0,0,0],[0.00558865,-0.0000924346,0.00238707,0.00203982,0.00700269,0.00168455,0.00628506,0,0,0,0,0],[-0.0934256,0.0105695,0.00605558,0.0209448,0.369924,0.00628506,1.24206,0,0,0,0,0],[0,0,0,0,0,0,0,0,0,0,0,0],[0,0,0,0,0,0,0,0,0,0,0,0],[0,0,0,0,0,0,0,0,0,0,0,0],[0,0,0,0,0,0,0,0,0,0,0,0],[0,0,0,0,0,0,0,0,0,0,0,0]]}
